Interference and Diffraction Data File Wed, Oct 11, 2023 12:47 PM
Sensor Position (Meters)	Light Intensity (Volts)
0.00000	-0.00920
0.00000	-0.00840
0.00000	-0.00727
0.00000	-0.00888
0.00000	-0.00647
0.00000	-0.00920
0.00000	-0.00856
0.00000	-0.00840
0.00000	-0.00840
0.00000	-0.00518
0.00000	-0.00775
0.00000	-0.00663
0.00000	-0.00582
0.00000	-0.01178
0.00000	-0.01001
0.00000	-0.00566
0.00000	-0.00711
0.00000	-0.01049
0.00000	-0.01033
0.00000	-0.00566
0.00000	-0.01017
0.00000	-0.01114
0.00000	-0.00711
0.00000	-0.01146
0.00000	-0.00598
0.00000	-0.00631
0.00000	-0.01194
0.00000	-0.01081
0.00000	-0.00872
0.00000	-0.01049
0.00000	-0.01081
-0.00006	-0.01033
-0.00006	-0.00470
-0.00011	-0.00904
-0.00017	-0.01098
-0.00022	-0.00647
-0.00028	-0.00631
-0.00033	-0.00695
-0.00039	-0.00743
-0.00044	-0.00695
-0.00050	-0.01081
-0.00061	-0.00566
-0.00067	-0.01098
-0.00072	-0.01130
-0.00078	-0.00711
-0.00083	-0.00856
-0.00089	-0.01081
-0.00094	-0.01081
-0.00100	-0.00792
-0.00106	-0.00888
-0.00111	-0.00937
-0.00117	-0.00872
-0.00122	-0.00711
-0.00133	-0.00614
-0.00139	-0.00518
-0.00144	-0.00453
-0.00150	-0.01065
-0.00156	-0.00775
-0.00161	-0.00953
-0.00167	-0.00872
-0.00172	-0.01065
-0.00178	-0.00373
-0.00189	-0.00953
-0.00194	-0.00727
-0.00200	-0.00437
-0.00206	-0.00695
-0.00211	-0.00727
-0.00217	-0.00969
-0.00222	-0.01178
-0.00228	-0.00759
-0.00239	-0.01275
-0.00244	-0.00920
-0.00250	-0.00775
-0.00256	-0.00695
-0.00261	-0.01130
-0.00267	-0.00614
-0.00272	-0.00550
-0.00278	-0.00953
-0.00283	-0.00824
-0.00289	-0.00872
-0.00294	-0.00695
-0.00300	-0.01081
-0.00306	-0.00743
-0.00317	-0.00775
-0.00322	-0.01098
-0.00328	-0.01178
-0.00333	-0.00502
-0.00339	-0.01146
-0.00344	-0.01323
-0.00350	-0.01065
-0.00350	-0.01017
-0.00356	-0.00743
-0.00361	-0.00759
-0.00367	-0.01468
-0.00372	-0.00775
-0.00378	-0.01130
-0.00383	-0.00647
-0.00394	-0.01001
-0.00400	-0.00920
-0.00406	-0.00937
-0.00411	-0.01162
-0.00417	-0.00985
-0.00422	-0.00824
-0.00428	-0.01081
-0.00433	-0.00872
-0.00439	-0.00808
-0.00444	-0.01355
-0.00450	-0.00647
-0.00456	-0.01065
-0.00461	-0.00711
-0.00467	-0.01049
-0.00472	-0.01130
-0.00483	-0.00856
-0.00489	-0.00904
-0.00494	-0.01452
-0.00500	-0.01194
-0.00506	-0.00904
-0.00511	-0.00872
-0.00517	-0.01194
-0.00522	-0.01162
-0.00528	-0.01081
-0.00533	-0.00663
-0.00544	-0.00985
-0.00550	-0.00775
-0.00556	-0.00663
-0.00561	-0.01162
-0.00567	-0.00808
-0.00572	-0.01339
-0.00578	-0.00808
-0.00583	-0.01081
-0.00589	-0.01049
-0.00594	-0.01049
-0.00600	-0.00775
-0.00606	-0.01146
-0.00617	-0.00856
-0.00622	-0.00727
-0.00628	-0.01017
-0.00633	-0.00759
-0.00639	-0.00711
-0.00644	-0.01033
-0.00650	-0.00872
-0.00656	-0.00969
-0.00661	-0.01017
-0.00672	-0.00631
-0.00678	-0.01387
-0.00683	-0.01049
-0.00689	-0.00824
-0.00694	-0.00904
-0.00700	-0.00647
-0.00706	-0.01226
-0.00711	-0.00759
-0.00717	-0.00775
-0.00728	-0.01371
-0.00733	-0.00888
-0.00739	-0.01130
-0.00744	-0.01275
-0.00750	-0.00888
-0.00756	-0.00937
-0.00761	-0.00582
-0.00767	-0.01049
-0.00772	-0.01017
-0.00778	-0.00856
-0.00789	-0.01017
-0.00794	-0.00486
-0.00800	-0.00679
-0.00806	-0.01001
-0.00811	-0.01098
-0.00817	-0.00792
-0.00822	-0.00888
-0.00833	-0.00727
-0.00839	-0.00824
-0.00844	-0.00824
-0.00850	-0.00840
-0.00856	-0.00614
-0.00861	-0.01098
-0.00867	-0.00824
-0.00878	-0.00244
-0.00883	-0.01033
-0.00889	-0.00985
-0.00894	-0.00582
-0.00900	-0.00775
-0.00906	-0.00872
-0.00911	-0.00759
-0.00922	-0.00792
-0.00928	-0.00856
-0.00933	-0.01387
-0.00939	-0.00566
-0.00944	-0.00888
-0.00950	-0.01146
-0.00956	-0.01065
-0.00967	-0.00582
-0.00972	-0.01001
-0.00978	-0.00502
-0.00983	-0.00518
-0.00989	-0.00743
-0.00994	-0.00824
-0.01000	-0.00614
-0.01006	-0.00437
-0.01017	-0.00775
-0.01022	-0.00937
-0.01028	-0.00727
-0.01033	-0.01049
-0.01039	-0.00679
-0.01044	-0.01017
-0.01050	-0.00888
-0.01061	-0.01033
-0.01067	-0.00856
-0.01072	-0.00502
-0.01078	-0.00840
-0.01083	-0.01178
-0.01089	-0.00647
-0.01094	-0.00647
-0.01100	-0.00582
-0.01106	-0.00953
-0.01111	-0.01130
-0.01122	-0.00727
-0.01128	-0.00566
-0.01133	-0.00904
-0.01139	-0.01033
-0.01144	-0.01178
-0.01150	-0.00953
-0.01156	-0.00985
-0.01161	-0.00614
-0.01172	-0.00373
-0.01178	-0.01146
-0.01183	-0.00502
-0.01189	-0.01259
-0.01194	-0.01049
-0.01200	-0.00969
-0.01206	-0.00904
-0.01211	-0.01049
-0.01217	-0.01114
-0.01228	-0.01146
-0.01233	-0.01162
-0.01239	-0.00631
-0.01244	-0.01081
-0.01250	-0.00582
-0.01256	-0.01098
-0.01261	-0.00808
-0.01267	-0.00953
-0.01272	-0.01065
-0.01278	-0.00727
-0.01283	-0.01017
-0.01294	-0.00695
-0.01300	-0.00808
-0.01306	-0.01081
-0.01311	-0.01065
-0.01317	-0.01323
-0.01322	-0.00550
-0.01328	-0.00920
-0.01333	-0.00743
-0.01339	-0.01162
-0.01344	-0.01371
-0.01350	-0.00872
-0.01356	-0.00711
-0.01367	-0.00985
-0.01372	-0.00969
-0.01378	-0.00566
-0.01383	-0.00904
-0.01389	-0.01081
-0.01394	-0.00872
-0.01400	-0.01017
-0.01406	-0.00808
-0.01411	-0.00985
-0.01417	-0.00711
-0.01422	-0.00969
-0.01428	-0.00904
-0.01439	-0.00679
-0.01444	-0.01291
-0.01450	-0.00953
-0.01456	-0.00695
-0.01461	-0.01081
-0.01467	-0.00808
-0.01472	-0.00985
-0.01478	-0.01130
-0.01483	-0.00872
-0.01494	-0.01387
-0.01500	-0.01081
-0.01506	-0.00985
-0.01511	-0.01098
-0.01517	-0.00856
-0.01522	-0.01291
-0.01528	-0.01162
-0.01533	-0.00856
-0.01539	-0.01130
-0.01550	-0.00856
-0.01556	-0.00856
-0.01561	-0.00985
-0.01567	-0.00743
-0.01572	-0.00920
-0.01578	-0.00840
-0.01583	-0.00550
-0.01589	-0.01130
-0.01594	-0.00937
-0.01600	-0.01146
-0.01606	-0.00937
-0.01617	-0.00743
-0.01622	-0.00711
-0.01628	-0.00937
-0.01633	-0.00953
-0.01639	-0.00920
-0.01644	-0.01098
-0.01650	-0.01178
-0.01661	-0.00566
-0.01667	-0.01033
-0.01672	-0.01001
-0.01678	-0.00920
-0.01683	-0.00727
-0.01689	-0.01210
-0.01694	-0.00679
-0.01700	-0.00759
-0.01706	-0.01114
-0.01717	-0.00937
-0.01722	-0.00824
-0.01728	-0.00518
-0.01733	-0.00904
-0.01739	-0.00695
-0.01744	-0.00792
-0.01750	-0.00727
-0.01756	-0.00872
-0.01761	-0.01114
-0.01767	-0.00614
-0.01772	-0.00679
-0.01783	-0.00743
-0.01789	-0.01130
-0.01794	-0.01017
-0.01800	-0.00389
-0.01806	-0.00357
-0.01817	-0.00647
-0.01822	-0.00711
-0.01828	-0.00614
-0.01833	-0.00631
-0.01839	-0.00534
-0.01844	-0.00759
-0.01850	-0.00840
-0.01856	-0.01081
-0.01861	-0.00486
-0.01867	-0.00759
-0.01878	-0.00888
-0.01883	-0.00743
-0.01889	-0.00534
-0.01894	-0.00727
-0.01900	-0.01033
-0.01906	-0.00953
-0.01911	-0.00759
-0.01922	-0.00453
-0.01928	-0.00228
-0.01933	-0.00631
-0.01939	-0.00824
-0.01944	-0.00679
-0.01950	-0.00808
-0.01956	-0.00872
-0.01961	-0.00631
-0.01972	-0.01001
-0.01978	-0.00518
-0.01983	-0.00598
-0.01989	-0.00421
-0.01994	-0.00759
-0.02000	-0.00502
-0.02006	-0.00711
-0.02017	-0.00276
-0.02022	-0.00244
-0.02028	-0.00824
-0.02033	-0.00486
-0.02039	-0.00308
-0.02044	-0.00373
-0.02050	-0.00711
-0.02061	-0.00453
-0.02067	-0.00421
-0.02072	-0.00470
-0.02078	-0.00727
-0.02083	-0.00405
-0.02089	-0.00759
-0.02094	-0.00582
-0.02100	-0.00228
-0.02106	-0.00292
-0.02111	-0.00453
-0.02122	-0.00631
-0.02128	0.00126
-0.02133	-0.00228
-0.02139	-0.00470
-0.02144	-0.00325
-0.02150	-0.00518
-0.02156	-0.00115
-0.02167	-0.00164
-0.02172	-0.00566
-0.02178	-0.00566
-0.02183	-0.00695
-0.02189	-0.00228
-0.02194	-0.00115
-0.02200	-0.00405
-0.02206	-0.00389
-0.02217	-0.00566
-0.02222	-0.00276
-0.02228	-0.00647
-0.02233	-0.00147
-0.02239	-0.00244
-0.02244	-0.00953
-0.02250	-0.00437
-0.02256	-0.00083
-0.02261	-0.00453
-0.02267	-0.00180
-0.02272	-0.00663
-0.02278	-0.00357
-0.02289	-0.00357
-0.02294	-0.00389
-0.02300	-0.00308
-0.02306	-0.00373
-0.02311	-0.00308
-0.02317	-0.00437
-0.02322	-0.00002
-0.02328	-0.00212
-0.02333	-0.00534
-0.02339	-0.00502
-0.02344	-0.00180
-0.02350	-0.00067
-0.02361	-0.00695
-0.02367	-0.00663
-0.02372	-0.00470
-0.02378	-0.00325
-0.02383	-0.00325
-0.02389	-0.00421
-0.02394	-0.00631
-0.02400	-0.00389
-0.02406	-0.00727
-0.02411	-0.00695
-0.02417	-0.00647
-0.02428	-0.00647
-0.02433	-0.00421
-0.02439	-0.00534
-0.02444	-0.00341
-0.02450	-0.00276
-0.02456	-0.00582
-0.02461	-0.00598
-0.02467	-0.00453
-0.02472	-0.00582
-0.02483	-0.00212
-0.02489	-0.00631
-0.02494	0.00014
-0.02500	-0.00582
-0.02506	-0.00470
-0.02511	-0.00212
-0.02517	-0.00486
-0.02522	-0.00308
-0.02528	-0.00486
-0.02533	-0.00083
-0.02539	-0.00856
-0.02550	-0.00453
-0.02556	-0.00486
-0.02561	-0.00453
-0.02567	-0.00920
-0.02572	-0.00405
-0.02578	-0.00308
-0.02583	-0.00276
-0.02589	-0.00743
-0.02594	-0.00421
-0.02600	-0.00421
-0.02606	-0.00502
-0.02611	-0.00196
-0.02622	-0.00453
-0.02628	-0.00276
-0.02633	-0.00405
-0.02639	-0.00389
-0.02644	-0.00405
-0.02650	-0.00486
-0.02656	-0.00534
-0.02661	-0.00518
-0.02667	-0.00470
-0.02672	-0.00582
-0.02683	-0.00550
-0.02683	-0.00566
-0.02694	-0.00470
-0.02700	-0.00276
-0.02706	-0.00647
-0.02711	-0.00341
-0.02717	-0.00759
-0.02722	-0.00502
-0.02728	-0.00115
-0.02739	0.00078
-0.02744	-0.00373
-0.02750	-0.00470
-0.02756	-0.00582
-0.02761	-0.00550
-0.02767	-0.00566
-0.02772	-0.00244
-0.02778	-0.00486
-0.02783	-0.00180
-0.02789	-0.01017
-0.02794	-0.00357
-0.02806	-0.00437
-0.02811	-0.00099
-0.02817	-0.00808
-0.02822	-0.00727
-0.02828	-0.00775
-0.02833	-0.00550
-0.02839	-0.00550
-0.02844	-0.00019
-0.02850	-0.00180
-0.02856	-0.00308
-0.02867	-0.00486
-0.02872	-0.00357
-0.02878	-0.00904
-0.02883	-0.00308
-0.02889	-0.00196
-0.02894	-0.00663
-0.02906	-0.00518
-0.02911	-0.00228
-0.02917	-0.00099
-0.02922	0.00030
-0.02928	-0.00147
-0.02933	-0.00437
-0.02939	-0.00727
-0.02944	-0.00631
-0.02950	-0.00470
-0.02961	-0.00437
-0.02967	-0.00196
-0.02972	-0.00357
-0.02978	-0.00502
-0.02983	-0.00389
-0.02989	-0.00067
-0.02994	-0.00308
-0.03006	-0.00550
-0.03011	-0.00115
-0.03017	-0.00341
-0.03022	0.00046
-0.03028	-0.00325
-0.03033	-0.00260
-0.03039	-0.00099
-0.03044	-0.00196
-0.03056	-0.00019
-0.03061	-0.00276
-0.03067	-0.00212
-0.03072	-0.00180
-0.03078	0.00046
-0.03083	0.00062
-0.03089	-0.00051
-0.03094	-0.00260
-0.03100	-0.00389
-0.03106	0.00046
-0.03117	-0.00099
-0.03122	-0.00002
-0.03128	0.00030
-0.03133	0.00094
-0.03139	-0.00196
-0.03144	0.00126
-0.03150	-0.00067
-0.03161	0.00046
-0.03167	0.00046
-0.03172	-0.00019
-0.03178	-0.00325
-0.03183	0.00094
-0.03189	0.00191
-0.03194	-0.00164
-0.03200	-0.00196
-0.03206	-0.00099
-0.03217	0.00014
-0.03222	0.00207
-0.03228	-0.00308
-0.03233	-0.00180
-0.03239	0.00030
-0.03244	-0.00212
-0.03250	0.00175
-0.03256	-0.00147
-0.03261	-0.00164
-0.03267	0.00255
-0.03272	0.00271
-0.03278	0.00287
-0.03283	0.00094
-0.03294	-0.00180
-0.03300	0.00271
-0.03306	-0.00260
-0.03311	-0.00083
-0.03317	-0.00470
-0.03322	0.00223
-0.03328	0.00207
-0.03333	0.00287
-0.03339	-0.00292
-0.03344	-0.00083
-0.03350	0.00126
-0.03356	-0.00276
-0.03367	0.00207
-0.03372	0.00030
-0.03378	-0.00147
-0.03383	-0.00067
-0.03389	0.00126
-0.03394	-0.00002
-0.03400	-0.00035
-0.03406	-0.00212
-0.03411	-0.00228
-0.03417	0.00223
-0.03422	0.00175
-0.03428	-0.00099
-0.03433	0.00078
-0.03439	-0.00502
-0.03450	0.00142
-0.03456	-0.00051
-0.03461	-0.00051
-0.03467	-0.00019
-0.03472	-0.00164
-0.03478	-0.00228
-0.03483	0.00078
-0.03489	-0.00099
-0.03494	-0.00470
-0.03500	0.00030
-0.03506	-0.00276
-0.03511	0.00062
-0.03522	-0.00035
-0.03528	0.00030
-0.03533	-0.00164
-0.03539	-0.00325
-0.03544	-0.00260
-0.03550	-0.00453
-0.03556	-0.00083
-0.03561	-0.00453
-0.03572	-0.00292
-0.03578	-0.00341
-0.03583	-0.00598
-0.03589	-0.00035
-0.03594	-0.00437
-0.03600	-0.00019
-0.03606	-0.00164
-0.03611	-0.00019
-0.03617	-0.00437
-0.03622	-0.00099
-0.03633	-0.00470
-0.03639	-0.00405
-0.03644	-0.00308
-0.03650	-0.00180
-0.03656	-0.00131
-0.03661	-0.00308
-0.03667	-0.00614
-0.03672	-0.00260
-0.03678	-0.00598
-0.03683	-0.00518
-0.03689	-0.00147
-0.03700	0.00014
-0.03706	-0.00437
-0.03711	-0.00325
-0.03717	-0.00357
-0.03722	-0.00051
-0.03728	-0.00212
-0.03733	-0.00099
-0.03739	-0.00164
-0.03744	-0.00727
-0.03750	-0.00405
-0.03761	-0.00598
-0.03767	-0.00405
-0.03772	-0.00405
-0.03778	-0.00212
-0.03783	-0.00582
-0.03789	-0.00582
-0.03794	-0.00518
-0.03800	-0.00115
-0.03811	-0.00276
-0.03817	-0.00325
-0.03822	-0.00115
-0.03828	-0.00663
-0.03833	-0.00437
-0.03839	-0.00115
-0.03844	-0.00212
-0.03850	-0.00695
-0.03856	-0.00341
-0.03861	-0.00099
-0.03872	-0.00598
-0.03878	-0.00276
-0.03883	-0.00453
-0.03889	-0.00550
-0.03894	-0.00437
-0.03900	-0.00840
-0.03906	-0.00292
-0.03917	-0.00405
-0.03922	-0.00196
-0.03928	-0.00550
-0.03933	-0.00341
-0.03939	0.00142
-0.03944	-0.00341
-0.03950	-0.00421
-0.03956	-0.00357
-0.03967	-0.00470
-0.03972	0.00142
-0.03978	-0.00067
-0.03983	0.00175
-0.03989	-0.00276
-0.03994	-0.00308
-0.04000	-0.00244
-0.04006	-0.00035
-0.04017	-0.00196
-0.04022	-0.00164
-0.04028	0.00159
-0.04033	-0.00083
-0.04039	-0.00292
-0.04044	-0.00115
-0.04050	0.00159
-0.04061	-0.00019
-0.04067	0.00368
-0.04072	0.00191
-0.04078	0.00159
-0.04083	0.00030
-0.04089	0.00239
-0.04094	0.00320
-0.04100	0.00271
-0.04106	0.00191
-0.04111	0.00142
-0.04122	0.00384
-0.04128	-0.00212
-0.04133	0.00448
-0.04139	0.00126
-0.04144	0.00513
-0.04150	0.00674
-0.04156	0.00142
-0.04161	0.00706
-0.04172	0.00400
-0.04178	0.01012
-0.04183	0.00803
-0.04189	0.00287
-0.04194	0.00658
-0.04200	0.00754
-0.04206	0.00271
-0.04211	0.00851
-0.04217	0.00416
-0.04228	0.00754
-0.04233	0.00674
-0.04239	0.00610
-0.04244	0.00465
-0.04250	0.00577
-0.04256	0.00851
-0.04261	0.00819
-0.04267	0.00883
-0.04272	0.00448
-0.04278	0.00368
-0.04283	0.00867
-0.04289	0.00835
-0.04300	0.00706
-0.04306	0.00964
-0.04311	0.00561
-0.04317	0.01044
-0.04322	0.00674
-0.04328	0.00593
-0.04333	0.00497
-0.04339	0.01093
-0.04344	0.00626
-0.04350	0.00658
-0.04356	0.00690
-0.04361	0.00867
-0.04367	0.00867
-0.04378	0.00835
-0.04383	0.00867
-0.04389	0.00932
-0.04394	0.00899
-0.04400	0.01028
-0.04406	0.00899
-0.04411	0.00787
-0.04417	0.00835
-0.04422	0.00706
-0.04428	0.00754
-0.04433	0.00754
-0.04439	0.00835
-0.04444	0.00803
-0.04456	0.01044
-0.04461	0.00932
-0.04467	0.01495
-0.04472	0.00658
-0.04478	0.00642
-0.04483	0.00996
-0.04489	0.00545
-0.04494	0.00964
-0.04500	0.00690
-0.04506	0.00448
-0.04511	0.00658
-0.04522	0.00690
-0.04528	0.00722
-0.04533	0.00513
-0.04539	0.00690
-0.04544	0.00899
-0.04550	0.00771
-0.04556	0.00883
-0.04561	0.00642
-0.04572	0.00674
-0.04578	0.00320
-0.04583	0.00722
-0.04589	0.00610
-0.04594	0.00465
-0.04600	0.00304
-0.04606	0.00754
-0.04611	-0.00035
-0.04617	0.00400
-0.04622	0.00271
-0.04628	0.00255
-0.04639	0.00014
-0.04644	0.00175
-0.04650	0.00771
-0.04656	0.00191
-0.04661	0.00642
-0.04667	0.00529
-0.04672	0.00465
-0.04678	0.00239
-0.04683	0.00610
-0.04689	0.00432
-0.04694	0.00255
-0.04706	0.00271
-0.04711	0.00271
-0.04717	0.00191
-0.04722	0.00239
-0.04728	0.00062
-0.04733	0.00336
-0.04739	0.00014
-0.04744	0.00432
-0.04750	0.00110
-0.04756	0.00223
-0.04767	-0.00180
-0.04772	0.00336
-0.04778	-0.00341
-0.04783	0.00384
-0.04789	-0.00147
-0.04794	0.00336
-0.04800	-0.00147
-0.04806	0.00078
-0.04817	0.00159
-0.04822	0.00207
-0.04828	-0.00019
-0.04833	0.00062
-0.04839	-0.00486
-0.04844	-0.00534
-0.04850	-0.00518
-0.04856	-0.00453
-0.04861	-0.00260
-0.04872	-0.00566
-0.04878	-0.00196
-0.04883	-0.00212
-0.04889	-0.00131
-0.04894	-0.00518
-0.04900	-0.00357
-0.04906	-0.00131
-0.04917	0.00078
-0.04922	-0.00115
-0.04928	-0.00421
-0.04933	-0.00727
-0.04939	-0.00389
-0.04944	-0.00244
-0.04950	-0.00582
-0.04956	-0.00502
-0.04967	-0.00453
-0.04972	-0.00437
-0.04978	-0.00389
-0.04983	-0.00969
-0.04989	-0.00711
-0.04994	-0.00550
-0.05000	-0.00647
-0.05006	-0.00180
-0.05017	-0.00147
-0.05022	-0.00470
-0.05028	-0.00308
-0.05033	-0.00421
-0.05039	-0.00550
-0.05044	-0.00743
-0.05050	-0.00453
-0.05061	-0.00373
-0.05067	-0.00341
-0.05072	-0.00292
-0.05078	-0.00502
-0.05083	-0.00147
-0.05089	-0.00115
-0.05094	-0.00292
-0.05100	-0.00131
-0.05106	-0.00341
-0.05117	0.00030
-0.05122	-0.00421
-0.05128	-0.00051
-0.05133	0.00078
-0.05139	-0.00292
-0.05144	0.00030
-0.05150	-0.00147
-0.05156	0.00336
-0.05167	0.00191
-0.05172	0.00046
-0.05178	0.00352
-0.05183	0.00223
-0.05189	0.00159
-0.05194	-0.00131
-0.05200	0.00078
-0.05206	0.00400
-0.05211	0.00577
-0.05222	0.00754
-0.05228	0.00771
-0.05233	0.00738
-0.05239	0.00513
-0.05244	0.00545
-0.05250	0.00626
-0.05256	0.00771
-0.05261	0.00706
-0.05267	0.00690
-0.05272	0.00883
-0.05278	0.00754
-0.05283	0.01125
-0.05294	0.01415
-0.05300	0.01205
-0.05306	0.01447
-0.05311	0.01511
-0.05317	0.01350
-0.05322	0.01705
-0.05328	0.01785
-0.05333	0.01866
-0.05339	0.01769
-0.05344	0.01866
-0.05350	0.02268
-0.05356	0.02204
-0.05367	0.02059
-0.05372	0.02156
-0.05378	0.02445
-0.05383	0.02558
-0.05389	0.02558
-0.05394	0.03074
-0.05400	0.02397
-0.05406	0.03122
-0.05411	0.03106
-0.05417	0.03170
-0.05422	0.03218
-0.05433	0.03154
-0.05439	0.03299
-0.05444	0.03621
-0.05450	0.03218
-0.05456	0.03573
-0.05461	0.03653
-0.05467	0.03686
-0.05472	0.03959
-0.05478	0.03959
-0.05483	0.03943
-0.05494	0.04297
-0.05500	0.04217
-0.05506	0.04056
-0.05511	0.04297
-0.05517	0.04426
-0.05522	0.04587
-0.05528	0.04555
-0.05533	0.04765
-0.05539	0.04459
-0.05544	0.04813
-0.05550	0.04877
-0.05561	0.04652
-0.05567	0.05038
-0.05572	0.04684
-0.05578	0.05167
-0.05583	0.05167
-0.05589	0.05296
-0.05594	0.04926
-0.05600	0.05183
-0.05605	0.04926
-0.05611	0.05296
-0.05617	0.05167
-0.05622	0.05135
-0.05633	0.05248
-0.05639	0.05425
-0.05644	0.05280
-0.05650	0.05215
-0.05655	0.05183
-0.05661	0.05328
-0.05667	0.05296
-0.05672	0.05618
-0.05678	0.05344
-0.05683	0.05505
-0.05689	0.05473
-0.05700	0.05248
-0.05705	0.05811
-0.05711	0.05521
-0.05717	0.05570
-0.05722	0.05618
-0.05728	0.05892
-0.05733	0.05087
-0.05739	0.05876
-0.05744	0.05489
-0.05750	0.05344
-0.05761	0.05441
-0.05767	0.05248
-0.05772	0.05425
-0.05778	0.05521
-0.05783	0.05344
-0.05789	0.05505
-0.05794	0.05264
-0.05800	0.05457
-0.05805	0.05296
-0.05817	0.04974
-0.05822	0.05006
-0.05828	0.04620
-0.05833	0.04942
-0.05839	0.04523
-0.05844	0.04845
-0.05850	0.04909
-0.05855	0.05038
-0.05861	0.04861
-0.05872	0.04684
-0.05878	0.04088
-0.05883	0.04539
-0.05889	0.03943
-0.05894	0.04153
-0.05900	0.04040
-0.05905	0.03798
-0.05911	0.03637
-0.05922	0.03557
-0.05928	0.03750
-0.05933	0.03750
-0.05939	0.03750
-0.05944	0.03267
-0.05950	0.03331
-0.05955	0.03186
-0.05967	0.02896
-0.05972	0.03315
-0.05978	0.02671
-0.05983	0.02751
-0.05989	0.03009
-0.05994	0.02381
-0.06000	0.02220
-0.06005	0.02365
-0.06017	0.02413
-0.06022	0.02381
-0.06028	0.02365
-0.06033	0.01737
-0.06039	0.01995
-0.06044	0.01753
-0.06050	0.01672
-0.06061	0.01672
-0.06067	0.01753
-0.06072	0.01254
-0.06078	0.01431
-0.06083	0.01286
-0.06089	0.01286
-0.06094	0.00948
-0.06100	0.00980
-0.06105	0.00626
-0.06111	0.00867
-0.06117	0.00915
-0.06128	0.00304
-0.06133	0.00835
-0.06139	0.00255
-0.06144	0.00142
-0.06150	0.00593
-0.06155	0.00352
-0.06161	0.00239
-0.06167	0.00207
-0.06172	0.00513
-0.06183	0.00271
-0.06189	0.00223
-0.06194	0.00320
-0.06200	0.00094
-0.06205	0.00400
-0.06211	-0.00051
-0.06217	0.00304
-0.06222	0.00110
-0.06233	0.00239
-0.06239	0.00159
-0.06244	0.00175
-0.06250	0.00481
-0.06255	0.00126
-0.06261	0.00191
-0.06267	0.00062
-0.06272	0.00094
-0.06278	0.00304
-0.06283	0.00529
-0.06289	0.00738
-0.06300	0.00481
-0.06305	0.00899
-0.06311	0.00835
-0.06317	0.00915
-0.06322	0.01157
-0.06328	0.01302
-0.06333	0.01366
-0.06339	0.01399
-0.06344	0.01334
-0.06350	0.01656
-0.06355	0.02027
-0.06361	0.02204
-0.06372	0.02252
-0.06378	0.02413
-0.06383	0.02301
-0.06389	0.02848
-0.06394	0.02784
-0.06400	0.03557
-0.06405	0.03444
-0.06411	0.03057
-0.06417	0.03444
-0.06422	0.03589
-0.06428	0.03653
-0.06439	0.04072
-0.06444	0.04620
-0.06450	0.04893
-0.06455	0.05183
-0.06461	0.05441
-0.06467	0.06101
-0.06472	0.06327
-0.06478	0.06649
-0.06483	0.07309
-0.06489	0.07180
-0.06494	0.08098
-0.06505	0.08452
-0.06505	0.08920
-0.06517	0.08903
-0.06522	0.09419
-0.06528	0.10143
-0.06533	0.10337
-0.06539	0.10836
-0.06544	0.11335
-0.06550	0.12028
-0.06555	0.12237
-0.06561	0.13219
-0.06572	0.13574
-0.06578	0.13993
-0.06583	0.14830
-0.06589	0.15184
-0.06594	0.15667
-0.06600	0.16424
-0.06605	0.16924
-0.06611	0.17246
-0.06617	0.18389
-0.06622	0.18760
-0.06628	0.19259
-0.06639	0.20080
-0.06644	0.20418
-0.06650	0.21401
-0.06655	0.22222
-0.06661	0.22415
-0.06667	0.23333
-0.06672	0.23816
-0.06678	0.24750
-0.06683	0.24992
-0.06689	0.25846
-0.06700	0.27214
-0.06705	0.27746
-0.06711	0.28004
-0.06717	0.29083
-0.06722	0.30355
-0.06728	0.30741
-0.06733	0.31692
-0.06739	0.32400
-0.06744	0.33785
-0.06750	0.34558
-0.06761	0.35025
-0.06767	0.36233
-0.06772	0.37425
-0.06778	0.38182
-0.06783	0.38665
-0.06789	0.39808
-0.06794	0.39953
-0.06800	0.40163
-0.06805	0.41451
-0.06817	0.43045
-0.06822	0.43287
-0.06828	0.44237
-0.06833	0.45107
-0.06839	0.45912
-0.06844	0.47329
-0.06850	0.48263
-0.06855	0.49197
-0.06861	0.50164
-0.06872	0.50808
-0.06878	0.52177
-0.06883	0.52676
-0.06889	0.54238
-0.06894	0.55092
-0.06900	0.55913
-0.06905	0.56622
-0.06917	0.57846
-0.06922	0.58667
-0.06928	0.59746
-0.06933	0.60551
-0.06939	0.61775
-0.06944	0.62742
-0.06950	0.63289
-0.06955	0.64320
-0.06967	0.65592
-0.06972	0.66494
-0.06978	0.67541
-0.06983	0.68121
-0.06989	0.68974
-0.06994	0.70069
-0.07000	0.70697
-0.07011	0.71551
-0.07017	0.72356
-0.07022	0.73161
-0.07028	0.74434
-0.07033	0.75255
-0.07039	0.76012
-0.07044	0.76753
-0.07050	0.78234
-0.07061	0.78669
-0.07067	0.79378
-0.07072	0.80312
-0.07078	0.81310
-0.07083	0.82341
-0.07089	0.83034
-0.07094	0.83807
-0.07100	0.84435
-0.07105	0.85643
-0.07117	0.86238
-0.07122	0.87140
-0.07128	0.87495
-0.07133	0.88332
-0.07139	0.88670
-0.07144	0.88960
-0.07150	0.89121
-0.07161	0.90104
-0.07167	0.90780
-0.07172	0.91698
-0.07178	0.91601
-0.07183	0.92052
-0.07189	0.93276
-0.07194	0.93840
-0.07200	0.94565
-0.07205	0.95144
-0.07217	0.95676
-0.07222	0.95499
-0.07228	0.96400
-0.07233	0.97206
-0.07239	0.97399
-0.07244	0.98043
-0.07250	0.98639
-0.07255	0.98832
-0.07261	0.99509
-0.07267	0.99766
-0.07272	0.99799
-0.07278	1.00008
-0.07283	0.99815
-0.07294	1.00330
-0.07300	1.00282
-0.07305	1.00201
-0.07311	1.00588
-0.07317	1.00298
-0.07322	1.00362
-0.07328	1.00539
-0.07333	1.00475
-0.07339	1.00427
-0.07344	1.00185
-0.07350	1.00636
-0.07355	1.00974
-0.07361	1.01055
-0.07372	1.01812
-0.07378	1.02005
-0.07383	1.01731
-0.07389	1.01780
-0.07394	1.01393
-0.07400	1.00813
-0.07405	1.01312
-0.07411	1.01151
-0.07417	1.01087
-0.07422	1.01393
-0.07428	1.01538
-0.07433	1.01441
-0.07439	1.01393
-0.07450	1.01651
-0.07455	1.01828
-0.07461	1.01618
-0.07467	1.01522
-0.07472	1.00749
-0.07478	1.01345
-0.07483	1.00620
-0.07489	1.01248
-0.07494	1.01039
-0.07505	1.00330
-0.07505	1.00024
-0.07517	0.99654
-0.07522	0.99283
-0.07528	0.98397
-0.07533	0.98075
-0.07539	0.97721
-0.07544	0.97238
-0.07550	0.96819
-0.07555	0.95885
-0.07567	0.95837
-0.07572	0.95048
-0.07578	0.94790
-0.07583	0.94210
-0.07589	0.93743
-0.07594	0.93002
-0.07600	0.92713
-0.07605	0.91585
-0.07611	0.91859
-0.07617	0.90941
-0.07628	0.90007
-0.07633	0.89330
-0.07639	0.88783
-0.07644	0.88042
-0.07650	0.87334
-0.07655	0.86850
-0.07661	0.86061
-0.07667	0.85546
-0.07672	0.85159
-0.07678	0.83855
-0.07683	0.83178
-0.07694	0.82744
-0.07700	0.82132
-0.07705	0.81230
-0.07711	0.80602
-0.07717	0.79394
-0.07722	0.78540
-0.07728	0.77767
-0.07733	0.76785
-0.07744	0.76092
-0.07750	0.75271
-0.07755	0.74031
-0.07761	0.73290
-0.07767	0.72453
-0.07772	0.71068
-0.07778	0.70327
-0.07783	0.69232
-0.07794	0.68249
-0.07800	0.68056
-0.07805	0.67364
-0.07811	0.66929
-0.07817	0.66107
-0.07822	0.64996
-0.07828	0.64159
-0.07833	0.63273
-0.07839	0.62130
-0.07850	0.61276
-0.07855	0.59810
-0.07861	0.59456
-0.07867	0.58377
-0.07872	0.56831
-0.07883	0.56380
-0.07889	0.54818
-0.07894	0.54206
-0.07900	0.52628
-0.07905	0.51984
-0.07911	0.51259
-0.07917	0.50325
-0.07922	0.49165
-0.07928	0.48441
-0.07939	0.47748
-0.07944	0.46427
-0.07950	0.45413
-0.07955	0.44914
-0.07961	0.43641
-0.07967	0.42868
-0.07978	0.41403
-0.07983	0.40839
-0.07989	0.39744
-0.07994	0.38987
-0.08000	0.38101
-0.08005	0.37022
-0.08011	0.36442
-0.08017	0.35235
-0.08028	0.34478
-0.08033	0.33914
-0.08039	0.32932
-0.08044	0.32110
-0.08050	0.30935
-0.08055	0.29759
-0.08061	0.29083
-0.08072	0.28438
-0.08078	0.27376
-0.08083	0.26603
-0.08089	0.26007
-0.08094	0.25556
-0.08100	0.24976
-0.08105	0.23945
-0.08111	0.23349
-0.08117	0.22834
-0.08122	0.22125
-0.08133	0.21916
-0.08139	0.21578
-0.08144	0.21336
-0.08150	0.20756
-0.08155	0.19581
-0.08161	0.19146
-0.08167	0.18921
-0.08172	0.18115
-0.08178	0.17358
-0.08183	0.16682
-0.08194	0.16489
-0.08200	0.15506
-0.08205	0.14604
-0.08211	0.14653
-0.08217	0.13799
-0.08222	0.13348
-0.08228	0.12527
-0.08233	0.12302
-0.08239	0.11448
-0.08250	0.11013
-0.08255	0.10337
-0.08261	0.09773
-0.08267	0.09161
-0.08272	0.09258
-0.08278	0.08614
-0.08283	0.08163
-0.08289	0.08002
-0.08294	0.07470
-0.08300	0.07341
-0.08305	0.06842
-0.08317	0.06520
-0.08322	0.05892
-0.08328	0.05586
-0.08333	0.05328
-0.08339	0.04716
-0.08344	0.04958
-0.08350	0.04523
-0.08355	0.04475
-0.08361	0.03895
-0.08367	0.03637
-0.08372	0.03476
-0.08378	0.03557
-0.08389	0.03090
-0.08394	0.02961
-0.08400	0.02268
-0.08405	0.01946
-0.08411	0.02284
-0.08417	0.02188
-0.08422	0.02204
-0.08428	0.01753
-0.08433	0.01544
-0.08439	0.01608
-0.08444	0.01560
-0.08455	0.01318
-0.08461	0.01270
-0.08467	0.01415
-0.08472	0.01077
-0.08478	0.01012
-0.08483	0.00722
-0.08489	0.00803
-0.08494	0.01125
-0.08500	0.00738
-0.08505	0.00915
-0.08511	0.00304
-0.08522	0.00513
-0.08528	0.00513
-0.08533	0.00416
-0.08539	0.00465
-0.08544	0.00706
-0.08550	0.00642
-0.08555	0.00271
-0.08567	0.00577
-0.08572	0.00513
-0.08578	0.00368
-0.08583	0.00481
-0.08589	0.00255
-0.08594	0.00577
-0.08600	0.00593
-0.08605	0.00771
-0.08611	0.00867
-0.08617	0.00336
-0.08622	0.00690
-0.08633	0.00706
-0.08639	0.00754
-0.08644	0.00883
-0.08650	0.00690
-0.08655	0.00948
-0.08661	0.01270
-0.08667	0.01431
-0.08672	0.01383
-0.08678	0.01221
-0.08683	0.01399
-0.08694	0.01479
-0.08700	0.01399
-0.08705	0.01995
-0.08711	0.01737
-0.08717	0.01705
-0.08722	0.01833
-0.08728	0.02075
-0.08739	0.02139
-0.08744	0.02091
-0.08750	0.02413
-0.08755	0.02816
-0.08761	0.02671
-0.08767	0.02558
-0.08772	0.03138
-0.08778	0.02896
-0.08783	0.03122
-0.08794	0.03283
-0.08800	0.03380
-0.08805	0.02832
-0.08811	0.03541
-0.08817	0.03347
-0.08822	0.03331
-0.08828	0.03347
-0.08833	0.03283
-0.08839	0.03444
-0.08850	0.03637
-0.08855	0.03975
-0.08861	0.04153
-0.08867	0.03895
-0.08872	0.03847
-0.08883	0.04281
-0.08889	0.04201
-0.08894	0.04587
-0.08900	0.04281
-0.08905	0.04652
-0.08911	0.04603
-0.08917	0.04652
-0.08928	0.04587
-0.08933	0.04845
-0.08939	0.04652
-0.08944	0.04877
-0.08950	0.04587
-0.08955	0.05022
-0.08967	0.05054
-0.08972	0.04893
-0.08978	0.04877
-0.08983	0.05264
-0.08989	0.04813
-0.08994	0.05135
-0.09000	0.04974
-0.09005	0.05215
-0.09017	0.04748
-0.09022	0.05328
-0.09028	0.05054
-0.09033	0.05264
-0.09039	0.05393
-0.09044	0.05457
-0.09050	0.05135
-0.09061	0.04893
-0.09067	0.05199
-0.09072	0.05087
-0.09078	0.05360
-0.09083	0.05135
-0.09089	0.04893
-0.09094	0.05054
-0.09100	0.05232
-0.09105	0.04990
-0.09111	0.05248
-0.09122	0.04990
-0.09128	0.05151
-0.09133	0.04684
-0.09139	0.04893
-0.09144	0.04813
-0.09150	0.05087
-0.09155	0.04700
-0.09161	0.04797
-0.09167	0.04491
-0.09172	0.04877
-0.09183	0.04491
-0.09189	0.04346
-0.09194	0.04362
-0.09200	0.04716
-0.09205	0.04072
-0.09211	0.04603
-0.09217	0.04620
-0.09228	0.04249
-0.09233	0.04056
-0.09239	0.04330
-0.09244	0.04297
-0.09250	0.03975
-0.09255	0.04104
-0.09261	0.03621
-0.09267	0.04056
-0.09272	0.03766
-0.09278	0.03702
-0.09283	0.03830
-0.09294	0.03476
-0.09300	0.03508
-0.09305	0.03508
-0.09311	0.03492
-0.09317	0.03283
-0.09322	0.03331
-0.09328	0.03074
-0.09333	0.02864
-0.09339	0.02880
-0.09344	0.02768
-0.09350	0.03057
-0.09355	0.02606
-0.09367	0.02800
-0.09372	0.02574
-0.09378	0.02639
-0.09383	0.02639
-0.09389	0.02043
-0.09394	0.01978
-0.09400	0.01914
-0.09405	0.01914
-0.09411	0.01769
-0.09417	0.01640
-0.09422	0.01785
-0.09433	0.01511
-0.09439	0.01544
-0.09444	0.01383
-0.09450	0.01817
-0.09455	0.01141
-0.09461	0.01576
-0.09467	0.01189
-0.09472	0.01608
-0.09483	0.01334
-0.09489	0.01431
-0.09494	0.00915
-0.09500	0.00915
-0.09505	0.01060
-0.09511	0.01141
-0.09517	0.00835
-0.09522	0.00819
-0.09528	0.00851
-0.09533	0.00400
-0.09544	0.00803
-0.09550	0.00126
-0.09555	0.00046
-0.09561	0.00545
-0.09567	0.00368
-0.09572	0.00030
-0.09578	0.00239
-0.09583	0.00126
-0.09589	0.00513
-0.09594	-0.00260
-0.09600	0.00110
-0.09605	0.00062
-0.09617	-0.00164
-0.09622	0.00239
-0.09628	-0.00115
-0.09633	0.00014
-0.09639	-0.00147
-0.09644	0.00126
-0.09650	-0.00164
-0.09655	-0.00357
-0.09661	-0.00228
-0.09672	-0.00115
-0.09678	-0.00292
-0.09683	-0.00373
-0.09689	-0.00244
-0.09694	-0.00421
-0.09700	-0.00550
-0.09705	-0.00260
-0.09717	-0.00470
-0.09722	0.00078
-0.09728	-0.00453
-0.09733	-0.00131
-0.09739	-0.00341
-0.09744	-0.00582
-0.09750	-0.00631
-0.09755	-0.00566
-0.09761	-0.00308
-0.09767	-0.00486
-0.09772	-0.00792
-0.09783	-0.00437
-0.09789	-0.00502
-0.09794	-0.00953
-0.09800	-0.00550
-0.09805	-0.00534
-0.09817	-0.00647
-0.09822	-0.00679
-0.09828	-0.00115
-0.09833	-0.00373
-0.09839	-0.00405
-0.09844	-0.00115
-0.09850	-0.00647
-0.09855	-0.00260
-0.09861	-0.00147
-0.09872	-0.00308
-0.09878	-0.00566
-0.09883	-0.00244
-0.09889	-0.00051
-0.09894	-0.00196
-0.09900	-0.00631
-0.09905	0.00142
-0.09917	-0.00147
-0.09922	0.00030
-0.09928	-0.00099
-0.09933	-0.00002
-0.09939	-0.00196
-0.09944	-0.00260
-0.09950	0.00062
-0.09955	-0.00373
-0.09967	-0.00292
-0.09972	-0.00099
-0.09978	-0.00083
-0.09983	-0.00308
-0.09989	-0.00260
-0.09994	0.00030
-0.10000	0.00400
-0.10011	0.00078
-0.10017	0.00078
-0.10022	0.00191
-0.10028	-0.00019
-0.10033	0.00223
-0.10039	0.00287
-0.10044	0.00304
-0.10055	-0.00035
-0.10061	0.00223
-0.10067	0.00577
-0.10072	0.00368
-0.10078	0.00255
-0.10083	0.00320
-0.10089	0.00207
-0.10094	0.00142
-0.10100	0.00674
-0.10105	0.00706
-0.10117	0.00287
-0.10122	0.00400
-0.10128	0.00336
-0.10133	0.00432
-0.10139	0.00851
-0.10144	0.00577
-0.10155	0.00851
-0.10161	0.00416
-0.10167	0.00674
-0.10172	0.00787
-0.10178	0.00787
-0.10183	0.00465
-0.10189	0.00577
-0.10194	0.00771
-0.10200	0.00626
-0.10211	0.00722
-0.10217	0.00497
-0.10222	0.00754
-0.10228	0.00835
-0.10233	0.00610
-0.10239	0.01125
-0.10244	0.00851
-0.10250	0.00867
-0.10255	0.00932
-0.10261	0.00980
-0.10272	0.00867
-0.10278	0.00787
-0.10283	0.00400
-0.10289	0.00851
-0.10294	0.00787
-0.10300	0.01012
-0.10305	0.00851
-0.10317	0.01012
-0.10322	0.00835
-0.10328	0.01028
-0.10333	0.00722
-0.10339	0.00851
-0.10344	0.00690
-0.10350	0.01044
-0.10355	0.00658
-0.10361	0.00674
-0.10367	0.00304
-0.10372	0.00787
-0.10378	0.01012
-0.10389	0.00883
-0.10394	0.00754
-0.10400	0.00690
-0.10405	0.00771
-0.10411	0.01012
-0.10417	0.00803
-0.10422	0.00867
-0.10428	0.00980
-0.10433	0.00867
-0.10439	0.00964
-0.10444	0.00851
-0.10455	0.00867
-0.10461	0.00706
-0.10467	0.00690
-0.10472	0.00239
-0.10478	0.00948
-0.10483	0.00593
-0.10489	0.00545
-0.10494	0.00593
-0.10500	0.00787
-0.10505	0.00545
-0.10511	0.00255
-0.10522	0.00304
-0.10528	0.00304
-0.10533	0.00448
-0.10539	0.00223
-0.10544	0.00320
-0.10550	0.00432
-0.10555	0.00159
-0.10567	0.00287
-0.10572	0.00271
-0.10578	0.00513
-0.10583	0.00287
-0.10589	0.00207
-0.10594	0.00207
-0.10600	0.00352
-0.10605	0.00239
-0.10611	0.00529
-0.10617	0.00561
-0.10622	0.00207
-0.10633	0.00191
-0.10639	0.00142
-0.10644	0.00255
-0.10650	0.00142
-0.10655	0.00062
-0.10661	-0.00099
-0.10667	0.00304
-0.10672	0.00110
-0.10678	0.00159
-0.10683	0.00207
-0.10689	0.00030
-0.10700	0.00110
-0.10705	-0.00164
-0.10711	-0.00260
-0.10717	-0.00002
-0.10722	0.00142
-0.10728	0.00078
-0.10733	0.00126
-0.10744	-0.00115
-0.10750	-0.00115
-0.10755	0.00062
-0.10761	-0.00180
-0.10767	-0.00534
-0.10772	-0.00357
-0.10778	-0.00196
-0.10783	-0.00147
-0.10789	-0.00067
-0.10794	-0.00582
-0.10805	-0.00405
-0.10811	-0.00164
-0.10817	-0.00115
-0.10822	-0.00518
-0.10828	-0.00453
-0.10833	-0.00647
-0.10839	-0.00486
-0.10844	-0.00421
-0.10850	-0.00421
-0.10861	-0.00164
-0.10867	-0.00598
-0.10872	-0.00453
-0.10878	-0.00260
-0.10883	-0.00196
-0.10889	-0.00228
-0.10900	-0.00373
-0.10905	-0.00002
-0.10911	0.00030
-0.10917	-0.00099
-0.10922	-0.00341
-0.10928	-0.00550
-0.10933	-0.00228
-0.10939	-0.00357
-0.10950	-0.00212
-0.10955	-0.00486
-0.10961	-0.00534
-0.10967	-0.00486
-0.10972	-0.00453
-0.10978	-0.00164
-0.10989	-0.00518
-0.10994	-0.00308
-0.11000	-0.00389
-0.11005	-0.00164
-0.11011	-0.00292
-0.11017	-0.00357
-0.11022	-0.00373
-0.11028	-0.00019
-0.11033	-0.00357
-0.11044	-0.00035
-0.11050	-0.00002
-0.11055	-0.00373
-0.11061	-0.00276
-0.11067	-0.00308
-0.11072	-0.00131
-0.11078	-0.00260
-0.11089	-0.00453
-0.11094	-0.00341
-0.11100	-0.00147
-0.11105	-0.00083
-0.11111	-0.00373
-0.11117	-0.00808
-0.11122	-0.00276
-0.11128	-0.00341
-0.11139	-0.00518
-0.11144	-0.00325
-0.11150	-0.00180
-0.11155	-0.00164
-0.11161	-0.00453
-0.11167	-0.00002
-0.11172	-0.00196
-0.11178	-0.00067
-0.11183	-0.00131
-0.11194	-0.00292
-0.11200	-0.00308
-0.11205	-0.00276
-0.11211	-0.00196
-0.11217	-0.00308
-0.11222	-0.00147
-0.11228	-0.00550
-0.11239	-0.00164
-0.11244	-0.00308
-0.11250	-0.00019
-0.11255	-0.00019
-0.11261	0.00046
-0.11267	-0.00051
-0.11272	-0.00292
-0.11278	-0.00002
-0.11283	-0.00035
-0.11289	-0.00308
-0.11294	-0.00486
-0.11305	0.00078
-0.11311	0.00030
-0.11317	-0.00002
-0.11322	-0.00534
-0.11328	0.00191
-0.11333	-0.00437
-0.11339	-0.00341
-0.11344	-0.00292
-0.11350	0.00062
-0.11355	-0.00292
-0.11361	-0.00453
-0.11367	0.00030
-0.11372	0.00159
-0.11383	-0.00131
-0.11389	0.00159
-0.11394	-0.00228
-0.11400	-0.00035
-0.11405	-0.00180
-0.11411	-0.00292
-0.11417	0.00046
-0.11422	-0.00067
-0.11428	-0.00131
-0.11433	-0.00276
-0.11439	-0.00228
-0.11450	-0.00276
-0.11455	-0.00131
-0.11461	-0.00598
-0.11467	-0.00405
-0.11472	0.00078
-0.11478	-0.00341
-0.11483	-0.00325
-0.11489	-0.00196
-0.11494	-0.00083
-0.11500	0.00078
-0.11505	0.00110
-0.11517	0.00159
-0.11522	-0.00035
-0.11528	-0.00067
-0.11533	0.00030
-0.11539	0.00159
-0.11544	-0.00292
-0.11550	-0.00405
-0.11555	-0.00099
-0.11567	-0.00035
-0.11572	-0.00292
-0.11578	-0.00051
-0.11583	-0.00276
-0.11589	-0.00067
-0.11594	-0.00486
-0.11600	-0.00276
-0.11605	-0.00260
-0.11611	-0.00453
-0.11622	-0.00453
-0.11628	-0.00598
-0.11633	-0.00389
-0.11639	-0.00518
-0.11644	-0.00276
-0.11650	-0.00099
-0.11655	-0.00486
-0.11661	-0.00276
-0.11667	-0.00083
-0.11678	-0.00486
-0.11683	-0.00502
-0.11689	-0.00437
-0.11694	-0.00614
-0.11700	-0.00244
-0.11705	-0.00518
-0.11711	-0.00534
-0.11722	-0.00518
-0.11728	-0.00518
-0.11733	-0.00840
-0.11739	-0.00695
-0.11744	-0.00647
-0.11750	-0.00308
-0.11755	-0.00292
-0.11761	-0.00598
-0.11767	-0.00582
-0.11772	-0.00663
-0.11783	-0.00244
-0.11789	-0.00566
-0.11794	-0.00631
-0.11800	-0.00405
-0.11805	-0.00518
-0.11811	-0.00196
-0.11817	-0.00647
-0.11828	-0.00598
-0.11833	-0.00486
-0.11839	-0.00743
-0.11844	-0.00614
-0.11850	-0.00759
-0.11855	-0.00663
-0.11861	-0.00727
-0.11867	-0.00518
-0.11878	-0.00631
-0.11883	-0.00405
-0.11889	-0.00904
-0.11894	-0.00598
-0.11900	-0.00598
-0.11905	-0.00953
-0.11911	-0.00743
-0.11922	-0.00502
-0.11928	-0.00341
-0.11933	-0.00614
-0.11939	-0.00840
-0.11944	-0.00808
-0.11950	-0.00695
-0.11955	-0.00985
-0.11967	-0.00920
-0.11972	-0.00792
-0.11978	-0.01098
-0.11983	-0.00711
-0.11989	-0.00405
-0.11994	-0.00614
-0.12000	-0.00695
-0.12011	-0.00840
-0.12017	-0.00759
-0.12022	-0.01162
-0.12028	-0.01017
-0.12033	-0.00212
-0.12039	-0.00792
-0.12044	-0.00631
-0.12055	-0.00695
-0.12061	-0.00631
-0.12067	-0.00631
-0.12072	-0.00357
-0.12078	-0.00727
-0.12083	-0.00711
-0.12089	-0.00373
-0.12094	-0.00775
-0.12105	-0.00985
-0.12111	-0.00824
-0.12117	-0.00614
-0.12122	-0.00486
-0.12128	-0.00937
-0.12133	-0.00518
-0.12139	-0.00598
-0.12150	-0.01178
-0.12155	-0.00550
-0.12161	-0.00614
-0.12167	-0.00953
-0.12172	-0.00663
-0.12178	-0.00824
-0.12183	-0.00872
-0.12189	-0.00631
-0.12194	-0.00953
-0.12205	-0.00631
-0.12211	-0.00969
-0.12217	-0.00953
-0.12222	-0.00969
-0.12228	-0.00663
-0.12233	-0.00808
-0.12239	-0.00856
-0.12244	-0.01114
-0.12255	-0.00937
-0.12261	-0.00953
-0.12267	-0.00631
-0.12272	-0.00824
-0.12278	-0.00421
-0.12283	-0.00808
-0.12289	-0.00792
-0.12294	-0.01081
-0.12300	-0.00550
-0.12311	-0.00985
-0.12317	-0.00920
-0.12322	-0.00824
-0.12328	-0.00405
-0.12333	-0.00679
-0.12339	-0.00631
-0.12344	-0.00453
-0.12350	-0.00743
-0.12355	-0.00840
-0.12361	-0.00631
-0.12367	-0.00840
-0.12372	-0.00534
-0.12383	-0.00824
-0.12389	-0.00727
-0.12394	-0.00695
-0.12400	-0.00534
-0.12405	-0.00614
-0.12411	-0.00679
-0.12417	-0.00872
-0.12422	-0.00518
-0.12428	-0.00727
-0.12433	-0.00824
-0.12439	-0.00969
-0.12450	-0.01065
-0.12455	-0.00824
-0.12461	-0.00647
-0.12467	-0.00953
-0.12472	-0.01017
-0.12478	-0.01098
-0.12483	-0.00566
-0.12489	-0.01033
-0.12494	-0.00904
-0.12505	-0.00711
-0.12511	-0.00711
-0.12517	-0.00792
-0.12522	-0.00711
-0.12528	-0.00953
-0.12533	-0.00711
-0.12539	-0.00856
-0.12544	-0.00969
-0.12550	-0.00679
-0.12561	-0.00727
-0.12567	-0.00518
-0.12572	-0.00856
-0.12578	-0.00647
-0.12583	-0.00840
-0.12589	-0.00631
-0.12594	-0.00534
-0.12600	-0.00824
-0.12605	-0.00840
-0.12617	-0.00582
-0.12622	-0.00453
-0.12628	-0.00453
-0.12633	-0.01081
-0.12639	-0.00985
-0.12644	-0.01162
-0.12650	-0.00534
-0.12655	-0.00759
-0.12661	-0.01001
-0.12672	-0.00953
-0.12678	-0.00518
-0.12683	-0.00405
-0.12689	-0.00872
-0.12694	-0.01162
-0.12700	-0.00872
-0.12705	-0.00727
-0.12711	-0.01017
-0.12722	-0.00888
-0.12728	-0.00824
-0.12733	-0.00711
-0.12739	-0.00631
-0.12744	-0.00872
-0.12750	-0.00711
-0.12755	-0.00631
-0.12761	-0.00888
-0.12767	-0.00872
-0.12772	-0.00566
-0.12783	-0.00953
-0.12789	-0.00421
-0.12794	-0.00759
-0.12800	-0.00743
-0.12805	-0.00711
-0.12811	-0.00953
-0.12817	-0.01130
-0.12828	-0.00727
-0.12833	-0.00888
-0.12839	-0.00647
-0.12844	-0.00775
-0.12850	-0.01226
-0.12855	-0.00743
-0.12861	-0.01081
-0.12872	-0.01001
-0.12878	-0.00566
-0.12883	-0.01065
-0.12889	-0.00969
-0.12894	-0.01114
-0.12900	-0.00743
-0.12905	-0.00904
-0.12917	-0.00840
-0.12922	-0.00888
-0.12928	-0.00856
-0.12933	-0.00808
-0.12939	-0.01162
-0.12944	-0.01017
-0.12950	-0.00937
-0.12961	-0.01001
-0.12967	-0.00808
-0.12972	-0.01210
-0.12978	-0.01500
-0.12983	-0.01146
-0.12989	-0.01146
-0.13000	-0.00953
-0.13005	-0.00840
-0.13011	-0.00775
-0.13017	-0.01081
-0.13022	-0.00631
-0.13028	-0.01516
-0.13033	-0.01226
-0.13039	-0.00856
-0.13050	-0.00775
-0.13055	-0.00759
-0.13061	-0.00759
-0.13067	-0.00856
-0.13072	-0.01194
-0.13078	-0.00759
-0.13083	-0.00792
-0.13094	-0.00808
-0.13100	-0.01033
-0.13105	-0.01114
-0.13111	-0.01275
-0.13117	-0.00695
-0.13122	-0.01226
-0.13128	-0.00872
-0.13139	-0.01130
-0.13144	-0.00775
-0.13150	-0.01259
-0.13155	-0.01162
-0.13161	-0.01130
-0.13167	-0.00969
-0.13172	-0.01017